01/09/2016  32  16  19  57  34  13  3
01/06/2016  47  02  63  62  11  17  3
01/02/2016  42  15  06  05  29  10  2
12/30/2015  12  61  54  38  36  22  3
12/26/2015  65  40  44  59  27  20  2
12/23/2015  67  16  63  38  55  25  4
12/19/2015  30  68  59  41  28  10  2
12/16/2015  09  42  10  55  32  06  2
12/12/2015  62  02  30  19  14  22  2
12/09/2015  16  46  10  56  07  01  2
12/05/2015  47  33  68  27  13  13  2
12/02/2015  14  18  19  64  32  09  2
11/28/2015  47  02  66  67  06  02  3
11/25/2015  53  16  69  58  29  21  2
11/21/2015  37  57  47  50  52  21  3
11/18/2015  40  17  46  69  41  06  2
11/14/2015  66  37  22  14  45  05  3
11/11/2015  26  04  32  55  64  18  3
11/07/2015  50  53  07  16  25  15  2
11/04/2015  12  02  17  20  65  17  4
10/31/2015  09  47  20  25  68  07  2
10/28/2015  56  62  54  63  04  10  2
10/24/2015  20  31  56  64  60  02  3
10/21/2015  57  32  30  42  56  11  4
10/17/2015  57  62  69  49  48  19  3
10/14/2015  20  15  31  40  29  01  2
10/10/2015  27  68  12  43  29  01  2
10/07/2015  52  40  48  18  30  09  3
